k12=120/240;
k21=240/120;
r1=0.25;
r2=0.134;
L12=0.149*10^-3;
Lm =1.88;
w=2*pi*50;
Urms=sqrt(2)*220;
Rt=32;
Umax=220;
Xt=32;
f=50;
Lt=Xt/(2*pi*f);
Ct=1/(Xt*2*pi*f);